"SUBJECT" "DIET" "SEQUENCE" "y.Actinobacteria" "y.Bacteroidetes" "y.Firmicutes" "y.Fusobacteria" "y.Proteobacteria" "y.OTHER"
"Acorn" "BASE" "ACB" 1.896691e-02 2.330105e-01 4.183212e-01 2.799839e-01 4.923325e-02 4.842615e-04
"Acorn" "HYPO" "ACB" 1.614205e-02 4.269572e-01 3.021792e-01 2.012107e-01 5.270379e-02 8.071026e-04
"Acorn" "WASHOUT" "ACB" 1.557708e-02 5.181598e-02 4.581921e-01 4.122680e-01 6.174334e-02 4.035513e-04
"Acorn" "FIBRE" "ACB" 1.103309e-01 2.736885e-01 3.543987e-01 1.369653e-01 1.238902e-01 7.263923e-04
"alphabet" "BASE" "ACB" 1.380145e-02 2.072639e-01 2.535109e-01 4.435835e-01 8.046812e-02 1.372074e-03
"alphabet" "HYPO" "ACB" 4.955609e-02 3.139629e-02 7.849879e-01 1.066182e-01 2.703793e-02 4.035512e-04
"alphabet" "WASHOUT" "ACB" 2.332526e-02 9.039548e-03 4.509282e-01 4.351090e-01 8.127522e-02 3.228410e-04
"alphabet" "FIBRE" "ACB" 2.447135e-01 7.183212e-03 6.009685e-01 4.051655e-02 1.065375e-01 8.071033e-05
"amber" "BASE" "ACB" 3.066989e-03 4.129136e-01 2.581921e-01 2.734463e-01 5.157385e-02 8.071025e-04
"amber" "HYPO" "ACB" 1.759483e-02 2.736077e-01 3.411622e-01 2.887006e-01 7.845036e-02 4.842616e-04
"amber" "WASHOUT" "ACB" 8.474576e-03 6.214689e-03 5.335755e-01 4.289750e-01 2.259887e-02 1.614205e-04
"amber" "FIBRE" "ACB" 1.654560e-02 4.648910e-02 8.601291e-01 2.017756e-02 5.593220e-02 7.263922e-04
"amigo" "BASE" "ACB" 7.828894e-03 2.995964e-01 2.588378e-01 3.816788e-01 5.197740e-02 8.071035e-05
"amigo" "HYPO" "ACB" 1.727199e-02 3.985472e-01 3.013721e-01 1.952381e-01 8.668281e-02 8.878127e-04
"amigo" "WASHOUT" "ACB" 9.685230e-03 4.439064e-03 9.064568e-01 6.432607e-02 1.460856e-02 4.842615e-04
"amigo" "FIBRE" "ACB" 1.614205e-02 2.253430e-01 6.634383e-01 7.102502e-02 2.397094e-02 8.071031e-05
"anqor" "BASE" "ACB" 1.404358e-02 2.401130e-01 4.061340e-01 2.765133e-01 6.214689e-02 1.049233e-03
"anqor" "HYPO" "ACB" 1.864407e-02 2.224374e-01 5.589185e-01 1.483454e-01 5.133172e-02 3.228410e-04
"anqor" "WASHOUT" "ACB" 5.084746e-02 9.394673e-02 5.546408e-01 1.556901e-01 1.427764e-01 2.098467e-03
"anqor" "FIBRE" "ACB" 1.783697e-02 1.414044e-01 7.462470e-01 7.239709e-02 2.187248e-02 2.421308e-04
"ascot" "BASE" "ACB" 2.582728e-03 4.916868e-01 2.228410e-01 2.032284e-01 7.732042e-02 2.340597e-03
"ascot" "HYPO" "ACB" 1.824052e-02 2.090395e-01 5.002421e-01 2.364810e-01 3.575464e-02 2.421308e-04
"ascot" "WASHOUT" "ACB" 1.073446e-02 2.655367e-02 7.749798e-01 1.016142e-01 8.506860e-02 1.049233e-03
"ascot" "FIBRE" "ACB" 2.072639e-01 4.439064e-03 6.631154e-01 6.029056e-02 6.472962e-02 1.614205e-04
"bachelor" "BASE" "ACB" 4.761905e-03 4.115416e-01 3.334948e-01 1.719128e-01 7.818894e-02 1.000000e-04
"bachelor" "HYPO" "ACB" 9.039548e-03 9.443099e-03 8.322034e-01 7.586764e-02 7.312349e-02 3.228410e-04
"bachelor" "WASHOUT" "ACB" 2.050040e-02 3.228410e-03 8.776433e-01 8.038741e-02 1.799839e-02 2.421309e-04
"bachelor" "FIBRE" "ACB" 1.052462e-01 9.023406e-02 7.135593e-01 1.525424e-02 7.562550e-02 8.071025e-05
"bandit" "BASE" "ACB" 2.276029e-02 1.019370e-01 5.292978e-01 2.986279e-01 4.673123e-02 6.456820e-04
"bandit" "HYPO" "ACB" 2.195319e-02 7.183212e-03 9.455206e-01 1.622276e-02 8.878128e-03 2.421308e-04
"bandit" "WASHOUT" "ACB" 4.196933e-03 4.334140e-02 1.945117e-01 7.271186e-01 3.034705e-02 4.842616e-04
"bandit" "FIBRE" "ACB" 1.614205e-02 1.284907e-01 4.163035e-01 7.223567e-02 3.664245e-01 4.035513e-04
"banjo" "BASE" "ACB" 5.754641e-02 1.884584e-01 4.659403e-01 2.607748e-01 2.703793e-02 2.421308e-04
"banjo" "HYPO" "ACB" 4.479419e-02 2.352704e-01 4.899919e-01 1.913640e-01 3.833737e-02 2.421308e-04
"banjo" "WASHOUT" "ACB" 3.954802e-03 4.923325e-03 2.455206e-01 3.673123e-01 3.781275e-01 1.614205e-04
"banjo" "FIBRE" "ACB" 1.702986e-02 1.794189e-01 7.446328e-01 3.204197e-02 2.647296e-02 4.035512e-04
"barman" "BASE" "ACB" 1.662631e-02 1.723164e-01 5.062147e-01 2.724778e-01 3.196126e-02 4.035513e-04
"barman" "HYPO" "ACB" 2.372881e-02 7.909605e-03 9.086360e-01 4.221146e-02 1.735270e-02 1.614206e-04
"barman" "WASHOUT" "ACB" 2.017756e-02 3.220339e-02 6.668281e-01 2.635190e-01 1.711057e-02 1.614205e-04
"barman" "FIBRE" "ACB" 1.241324e-01 1.630347e-01 6.532688e-01 2.663438e-02 3.260694e-02 3.228410e-04
"beach boy" "BASE" "ACB" 2.824859e-03 4.359161e-01 2.291364e-01 2.154157e-01 1.165456e-01 1.614206e-04
"beach boy" "HYPO" "ACB" 5.246166e-02 1.616626e-01 4.855529e-01 2.640032e-01 3.599677e-02 3.228411e-04
"beach boy" "WASHOUT" "ACB" 1.452785e-02 2.343019e-01 3.475383e-01 2.083939e-01 1.946731e-01 5.649718e-04
"beach boy" "FIBRE" "ACB" 1.912833e-02 7.489911e-02 8.434221e-01 3.809524e-02 2.413236e-02 3.228411e-04
"beauty" "BASE" "ACB" 1.767554e-02 1.635190e-01 6.207425e-01 1.654560e-01 3.204197e-02 5.649718e-04
"beauty" "HYPO" "ACB" 1.824052e-02 1.582728e-01 6.059726e-01 1.676352e-01 4.979822e-02 8.071029e-05
"beauty" "WASHOUT" "ACB" 5.488297e-03 9.717514e-02 4.692494e-01 3.160613e-01 1.112994e-01 7.263923e-04
"beauty" "FIBRE" "ACB" 1.509282e-01 1.802260e-01 6.262308e-01 1.251009e-02 2.986279e-02 2.421308e-04
"bedlam" "BASE" "ACB" 3.631961e-03 4.791768e-01 2.702986e-01 1.637611e-01 8.305085e-02 8.071028e-05
"bedlam" "HYPO" "ACB" 1.380145e-02 3.019370e-01 3.973366e-01 2.295400e-01 5.673931e-02 6.456820e-04
"bedlam" "WASHOUT" "ACB" 4.067797e-02 7.263923e-03 7.807103e-01 1.598063e-01 1.033091e-02 1.210654e-03
"bedlam" "FIBRE" "ACB" 2.117837e-01 1.751412e-02 6.603713e-01 9.765940e-03 1.004650e-01 1.000000e-04
"blackprint" "BASE" "ACB" 2.292171e-02 1.343826e-01 5.539952e-01 2.594027e-01 2.889427e-02 4.035513e-04
"blackprint" "HYPO" "ACB" 1.589992e-02 3.002421e-01 3.609362e-01 2.386602e-01 8.305085e-02 1.210654e-03
"blackprint" "WASHOUT" "ACB" 2.881356e-02 1.843422e-01 4.021792e-01 2.764326e-01 1.079903e-01 2.421308e-04
"blackprint" "FIBRE" "ACB" 2.447135e-01 7.909605e-03 5.559322e-01 8.627926e-02 1.050847e-01 8.071025e-05
"charcoal" "BASE" "ACB" 2.582728e-03 5.016949e-01 1.779661e-01 1.894270e-01 1.280872e-01 2.421307e-04
"charcoal" "HYPO" "ACB" 5.617433e-02 1.706215e-01 4.329298e-01 2.221953e-01 1.179177e-01 1.614205e-04
"charcoal" "WASHOUT" "ACB" 4.108152e-02 7.643261e-02 5.964487e-01 1.623890e-01 1.217918e-01 1.856336e-03
"charcoal" "FIBRE" "ACB" 1.541566e-02 7.933818e-02 8.494754e-01 3.083132e-02 2.469734e-02 2.421307e-04
"cybil" "BASE" "ACB" 2.744148e-03 4.740920e-01 2.845036e-01 1.484262e-01 8.974980e-02 4.842615e-04
"cybil" "HYPO" "ACB" 2.001614e-02 2.493140e-01 3.686844e-01 2.910412e-01 7.078289e-02 1.614206e-04
"cybil" "WASHOUT" "ACB" 2.276029e-02 1.456013e-01 2.981437e-01 4.187248e-01 1.142857e-01 4.842616e-04
"cybil" "FIBRE" "ACB" 1.380145e-02 1.973366e-01 3.435028e-01 3.535109e-02 4.089588e-01 1.049233e-03
"favour" "BASE" "ACB" 3.551251e-03 3.309120e-02 5.558515e-01 3.815981e-01 2.582728e-02 8.071017e-05
"favour" "HYPO" "ACB" 5.165456e-03 5.086360e-01 3.345440e-01 1.078289e-01 4.372567e-02 1.000000e-04
"favour" "WASHOUT" "ACB" 1.097659e-02 2.259887e-03 8.515738e-01 1.298628e-01 4.035512e-03 1.291364e-03
"favour" "FIBRE" "ACB" 7.845036e-02 3.163842e-02 7.333333e-01 7.707829e-02 7.933818e-02 1.614205e-04
"hiccup" "BASE" "ACB" 1.727199e-02 3.687651e-01 2.887813e-01 2.453592e-01 7.925747e-02 5.649718e-04
"hiccup" "HYPO" "ACB" 1.678773e-02 2.517353e-01 3.469734e-01 3.108959e-01 7.312349e-02 4.842614e-04
"hiccup" "WASHOUT" "ACB" 2.881356e-02 6.941082e-03 2.631961e-01 5.203390e-01 1.783697e-01 2.340597e-03
"hiccup" "FIBRE" "ACB" 1.745763e-01 2.266344e-01 4.984665e-01 2.590799e-02 7.433414e-02 8.071028e-05
"honest" "BASE" "ACB" 1.436642e-02 1.631961e-01 5.658596e-01 2.048426e-01 4.802260e-02 3.712671e-03
"honest" "HYPO" "ACB" 1.372074e-02 2.939467e-01 3.870056e-01 2.365617e-01 6.771590e-02 1.049233e-03
"honest" "WASHOUT" "ACB" 4.656981e-02 6.053269e-03 9.023406e-01 4.019370e-02 4.277643e-03 5.649718e-04
"honest" "FIBRE" "ACB" 9.192897e-02 1.570621e-01 4.846651e-01 1.252623e-01 1.408394e-01 2.421308e-04
"kindle" "BASE" "ACB" 5.706215e-02 1.934625e-01 3.723164e-01 2.410815e-01 1.307506e-01 5.326877e-03
"kindle" "HYPO" "ACB" 8.410008e-02 1.024213e-01 6.637611e-01 1.295400e-01 1.969330e-02 4.842615e-04
"kindle" "WASHOUT" "ACB" 8.313156e-03 2.986279e-02 3.948345e-01 4.795803e-01 8.684423e-02 5.649718e-04
"kindle" "FIBRE" "ACB" 1.548830e-01 8.321227e-02 6.023406e-01 7.433414e-02 8.466505e-02 5.649717e-04
"mustard" "BASE" "ACB" 1.614205e-02 1.124294e-01 5.610977e-01 2.355125e-01 7.465698e-02 1.614205e-04
"mustard" "HYPO" "ACB" 1.977401e-02 3.486683e-02 7.761098e-01 8.280872e-02 8.563358e-02 8.071025e-04
"mustard" "WASHOUT" "ACB" 1.533495e-02 4.891041e-02 5.527845e-01 3.484262e-01 3.430186e-02 2.421308e-04
"mustard" "FIBRE" "ACB" 5.859564e-02 2.667474e-01 4.537530e-01 9.661017e-02 1.226796e-01 1.614205e-03
"nector" "BASE" "ACB" 1.832123e-02 1.401130e-01 5.217918e-01 2.886199e-01 3.058918e-02 5.649719e-04
"nector" "HYPO" "ACB" 3.179984e-02 2.640839e-01 3.196126e-01 3.070218e-01 7.707829e-02 4.035513e-04
"nector" "WASHOUT" "ACB" 5.431800e-02 4.568200e-02 7.523002e-01 6.238902e-02 8.474576e-02 5.649718e-04
"nector" "FIBRE" "ACB" 3.188055e-02 1.979822e-01 6.049233e-01 4.495561e-02 1.200969e-01 1.614206e-04
"rena" "BASE" "ACB" 3.712672e-03 2.464891e-01 4.340597e-01 2.339790e-01 8.167877e-02 8.071035e-05
"rena" "HYPO" "ACB" 5.472155e-02 2.470541e-01 3.709443e-01 1.774011e-01 1.433414e-01 6.537530e-03
"rena" "WASHOUT" "ACB" 2.066182e-02 1.075868e-01 4.346247e-01 3.707022e-01 6.569814e-02 7.263923e-04
"rena" "FIBRE" "ACB" 1.864407e-02 1.839387e-01 5.828087e-01 1.896691e-02 1.953188e-01 3.228410e-04
"admiral" "BASE" "BCA" 1.194512e-02 1.960452e-01 4.849879e-01 2.631154e-01 4.390538e-02 1.000000e-06
"admiral" "FIBRE" "BCA" 1.113801e-02 2.102502e-01 6.284907e-01 5.786925e-02 9.217111e-02 8.071025e-05
"admiral" "WASHOUT" "BCA" 4.931396e-02 2.001614e-02 7.035513e-01 1.000807e-01 1.184019e-01 8.635997e-03
"admiral" "HYPO" "BCA" 4.172720e-02 6.723164e-02 6.832930e-01 1.715093e-01 3.599677e-02 2.421307e-04
"allaby" "BASE" "BCA" 4.277643e-03 3.302663e-01 3.573850e-01 2.616626e-01 4.471348e-02 1.694915e-03
"allaby" "FIBRE" "BCA" 6.941082e-03 3.412429e-01 5.322034e-01 6.020985e-02 5.843422e-02 9.685230e-04
"allaby" "WASHOUT" "BCA" 2.171106e-02 3.271994e-01 1.795803e-01 2.615819e-01 2.025827e-01 7.344633e-03
"allaby" "HYPO" "BCA" 4.511703e-02 2.220339e-01 5.011299e-01 1.639225e-01 6.707022e-02 7.263922e-04
"anguish" "BASE" "BCA" 5.811138e-03 4.610169e-01 2.658596e-01 1.953995e-01 7.175141e-02 1.614205e-04
"anguish" "FIBRE" "BCA" 1.420500e-02 1.595642e-01 6.334948e-01 1.320420e-01 6.045198e-02 2.421308e-04
"anguish" "WASHOUT" "BCA" 7.643261e-02 5.044391e-02 6.702179e-01 1.232446e-01 7.893462e-02 7.263923e-04
"anguish" "HYPO" "BCA" 9.120258e-03 2.117837e-01 4.536723e-01 2.594027e-01 6.585956e-02 1.614206e-04
"banker" "BASE" "BCA" 5.891848e-03 4.041969e-01 3.251816e-01 2.130751e-01 5.141243e-02 2.421308e-04
"banker" "FIBRE" "BCA" 4.600484e-03 2.916061e-01 4.214689e-01 1.486683e-01 1.330912e-01 5.649718e-04
"banker" "WASHOUT" "BCA" 4.858757e-02 2.187248e-02 7.994350e-01 6.594027e-02 6.351897e-02 6.456821e-04
"banker" "HYPO" "BCA" 1.315577e-02 2.206618e-01 6.020985e-01 1.176755e-01 4.600484e-02 4.035513e-04
"baxter" "BASE" "BCA" 2.356739e-02 4.301856e-02 7.133979e-01 1.995964e-01 2.033898e-02 8.071023e-05
"baxter" "FIBRE" "BCA" 9.039548e-03 1.847458e-01 4.111380e-01 3.435835e-01 5.139314e-02 1.000000e-04
"baxter" "WASHOUT" "BCA" 3.615819e-02 1.188862e-01 6.386602e-01 1.781275e-01 2.784504e-02 3.228410e-04
"baxter" "HYPO" "BCA" 1.916061e-01 4.116223e-03 4.062954e-01 3.372881e-01 6.020985e-02 4.842615e-04
"bentley" "BASE" "BCA" 1.372074e-02 7.013721e-02 6.277643e-01 2.728814e-01 1.533495e-02 1.614205e-04
"bentley" "FIBRE" "BCA" 1.694915e-02 2.356739e-02 6.815174e-01 2.221146e-01 5.569007e-02 1.614205e-04
"bentley" "WASHOUT" "BCA" 9.685230e-03 2.041162e-01 4.384181e-01 2.861985e-01 6.142050e-02 1.614206e-04
"bentley" "HYPO" "BCA" 5.980630e-02 4.439064e-03 8.207425e-01 6.892655e-02 4.592413e-02 1.614205e-04
"bookmaker" "BASE" "BCA" 5.569007e-03 3.140436e-01 3.881356e-01 2.348668e-01 5.706215e-02 3.228411e-04
"bookmaker" "FIBRE" "BCA" 1.073446e-02 1.103309e-01 6.299435e-01 2.149314e-01 3.373688e-02 3.228410e-04
"bookmaker" "WASHOUT" "BCA" 1.807910e-02 4.923325e-03 3.803874e-01 5.299435e-01 6.634383e-02 3.228410e-04
"bookmaker" "HYPO" "BCA" 1.081517e-01 9.039548e-03 6.160613e-01 2.039548e-01 6.269257e-02 1.000000e-04
"bradman" "BASE" "BCA" 3.631961e-03 4.673931e-01 2.832123e-01 1.828087e-01 6.279257e-02 1.614205e-04
"bradman" "FIBRE" "BCA" 5.165456e-03 3.274415e-01 4.730428e-01 1.434221e-01 5.076675e-02 1.614206e-04
"bradman" "WASHOUT" "BCA" 1.541566e-02 7.901533e-02 4.205811e-01 4.443906e-01 4.035513e-02 2.421308e-04
"bradman" "HYPO" "BCA" 3.405973e-02 7.522195e-02 7.477805e-01 1.207425e-01 2.209532e-02 1.000000e-04
"brightly" "BASE" "BCA" 7.344633e-03 3.508475e-01 4.106538e-01 1.857950e-01 4.487490e-02 4.842615e-04
"brightly" "FIBRE" "BCA" 6.053269e-03 2.365617e-01 4.167877e-01 1.660210e-01 1.744149e-01 1.614206e-04
"brightly" "WASHOUT" "BCA" 3.962873e-02 2.407587e-01 4.018563e-01 2.213075e-01 9.612591e-02 3.228411e-04
"brightly" "HYPO" "BCA" 4.414851e-02 1.505246e-01 6.245359e-01 1.524617e-01 2.808717e-02 2.421308e-04
"carlton" "BASE" "BCA" 1.856336e-03 4.380952e-01 3.411622e-01 1.726392e-01 4.600484e-02 2.421308e-04
"carlton" "FIBRE" "BCA" 1.565779e-02 1.248588e-01 7.360775e-01 9.757869e-02 2.558515e-02 2.421308e-04
"carlton" "WASHOUT" "BCA" 2.187248e-02 2.937853e-02 4.689266e-01 4.181598e-01 6.142050e-02 2.421308e-04
"carlton" "HYPO" "BCA" 2.033898e-02 1.535109e-01 6.776433e-01 1.349475e-01 1.339790e-02 1.614205e-04
"gaffa" "BASE" "BCA" 7.909605e-03 4.088781e-01 3.808717e-01 1.448749e-01 5.730428e-02 1.614205e-04
"gaffa" "FIBRE" "BCA" 5.246166e-03 4.065375e-01 4.276029e-01 1.119451e-01 4.826473e-02 4.035513e-04
"gaffa" "WASHOUT" "BCA" 4.729621e-02 7.748184e-03 6.957224e-01 2.065375e-01 4.237288e-02 3.228411e-04
"gaffa" "HYPO" "BCA" 2.889427e-02 1.334140e-01 6.606134e-01 1.534302e-01 2.348668e-02 1.614205e-04
"gerlert" "BASE" "BCA" 1.686844e-02 2.916061e-01 4.526231e-01 1.889427e-01 4.681195e-02 3.147700e-03
"gerlert" "FIBRE" "BCA" 1.799839e-02 8.781275e-02 7.205811e-01 1.621469e-01 1.138015e-02 8.071025e-05
"gerlert" "WASHOUT" "BCA" 1.452785e-02 2.518160e-02 7.327684e-01 2.084746e-01 1.848265e-02 5.649717e-04
"gerlert" "HYPO" "BCA" 2.203390e-02 1.932203e-01 5.490718e-01 1.987893e-01 3.664245e-02 2.421308e-04
"halifax" "BASE" "BCA" 6.779661e-03 3.573850e-01 3.438257e-01 2.163842e-01 7.546408e-02 1.614207e-04
"halifax" "FIBRE" "BCA" 1.138015e-02 1.640032e-01 6.469734e-01 1.373688e-01 3.987086e-02 4.035513e-04
"halifax" "WASHOUT" "BCA" 3.970944e-02 1.143664e-01 6.624697e-01 9.338176e-02 8.910412e-02 9.685230e-04
"halifax" "HYPO" "BCA" 4.576271e-02 3.470541e-03 4.477805e-01 2.879742e-01 2.147700e-01 2.421309e-04
"hazard" "BASE" "BCA" 2.179177e-03 3.110573e-01 3.413236e-01 3.034705e-01 4.172720e-02 2.421308e-04
"hazard" "FIBRE" "BCA" 4.439064e-03 2.620662e-01 2.899919e-01 3.641646e-01 7.772397e-02 1.614205e-03
"hazard" "WASHOUT" "BCA" 3.712672e-03 5.544794e-02 5.978208e-01 2.983858e-01 4.430993e-02 3.228410e-04
"hazard" "HYPO" "BCA" 1.528652e-01 5.811138e-03 6.248588e-01 1.079096e-01 1.081517e-01 4.035513e-04
"hero" "BASE" "BCA" 4.358354e-03 4.101695e-01 2.949153e-01 2.374496e-01 5.238095e-02 7.263923e-04
"hero" "FIBRE" "BCA" 1.460856e-02 2.106538e-01 4.700565e-01 1.922518e-01 1.117837e-01 6.456821e-04
"hero" "WASHOUT" "BCA" 1.751412e-02 1.084746e-01 4.380952e-01 2.843422e-01 1.506860e-01 8.878127e-04
"hero" "HYPO" "BCA" 9.604520e-03 2.858757e-01 4.326877e-01 2.082324e-01 6.343826e-02 1.614205e-04
"hugh" "BASE" "BCA" 5.246166e-03 3.819209e-01 3.497175e-01 2.037934e-01 5.907990e-02 2.421308e-04
"hugh" "FIBRE" "BCA" 1.533495e-02 2.117030e-01 6.436642e-01 9.725585e-02 3.196126e-02 8.071026e-05
"hugh" "WASHOUT" "BCA" 1.961259e-02 4.503632e-02 5.167070e-01 3.810331e-01 3.728814e-02 3.228411e-04
"hugh" "HYPO" "BCA" 2.276029e-02 2.510089e-02 8.776433e-01 5.609362e-02 1.830194e-02 1.000000e-04
"kernal" "BASE" "BCA" 4.116223e-03 4.213075e-01 3.123487e-01 2.146086e-01 4.753834e-02 8.071033e-05
"kernal" "FIBRE" "BCA" 1.113801e-02 8.442292e-02 5.553672e-01 2.184826e-01 1.304278e-01 1.614205e-04
"kernal" "WASHOUT" "BCA" 3.301049e-02 8.490718e-02 5.848265e-01 2.634383e-01 3.365617e-02 1.614205e-04
"kernal" "HYPO" "BCA" 2.542373e-02 7.586764e-03 7.233253e-01 2.226796e-01 2.066182e-02 3.228410e-04
"mansfield" "BASE" "BCA" 8.071025e-03 3.008071e-01 4.157385e-01 2.383374e-01 3.688458e-02 1.614206e-04
"mansfield" "FIBRE" "BCA" 3.793382e-03 2.300242e-02 4.158192e-01 4.493140e-01 1.079096e-01 1.614205e-04
"mansfield" "WASHOUT" "BCA" 5.633575e-02 1.259080e-02 7.545601e-01 1.394673e-01 3.446328e-02 2.582728e-03
"mansfield" "HYPO" "BCA" 1.646489e-02 2.066990e-01 4.943503e-01 1.992736e-01 8.305085e-02 1.614205e-04
"nigel" "BASE" "BCA" 8.716707e-03 1.553672e-01 5.007264e-01 3.010492e-01 3.325262e-02 8.878128e-04
"nigel" "FIBRE" "BCA" 6.295400e-03 1.057304e-02 9.334948e-01 3.163842e-02 1.767554e-02 3.228410e-04
"nigel" "WASHOUT" "BCA" 4.511703e-02 8.571429e-02 4.964487e-01 2.600484e-01 1.112994e-01 1.372074e-03
"nigel" "HYPO" "BCA" 1.070218e-01 4.067797e-02 6.733656e-01 1.457627e-01 3.309120e-02 8.071024e-05
"promise" "BASE" "BCA" 4.600484e-03 4.502018e-01 2.837772e-01 1.987893e-01 6.222760e-02 4.035514e-04
"promise" "FIBRE" "BCA" 9.120258e-03 3.577885e-01 4.008071e-01 1.807103e-01 5.068604e-02 8.878129e-04
"promise" "WASHOUT" "BCA" 3.656174e-02 2.281679e-01 3.445521e-01 2.806295e-01 1.096852e-01 4.035513e-04
"promise" "HYPO" "BCA" 3.389831e-02 6.408394e-02 7.372074e-01 1.435028e-01 2.114609e-02 1.614206e-04
"spitster" "BASE" "BCA" 6.779661e-03 3.506860e-01 3.092010e-01 2.459241e-01 8.730920e-02 1.000000e-04
"spitster" "FIBRE" "BCA" 1.702986e-02 2.164649e-01 6.693301e-01 5.819209e-02 3.888305e-02 1.000000e-04
"spitster" "WASHOUT" "BCA" 5.004036e-02 1.249395e-01 6.146086e-01 1.485876e-01 6.069411e-02 1.129944e-03
"spitster" "HYPO" "BCA" 3.518967e-02 3.575464e-02 8.602098e-01 6.384181e-02 4.842615e-03 1.614206e-04
